    52    
   15  662
14  5533  
1   3 33  
55553   11
    3222 1
411  2 266
4 1 444 6 
3 1 4 4 66
3333  46 2
 3 223 6 2
 44  355 3
2 332 5553
5  3 222  
5666 6 21 
  5  66 11
1 52266  1
11    2 44
 1113 233 
211   2  5
 1 64 6644
5556 2664 
3 5 32  45
311  223  
 1  55  1 
 3344 5444
1  4 55  6
3  1 55556
36 1 5 6  
 62222 6 4
    2266 4
2444  66 4
2 33355555
44 33   1 
 113 1  11
611 222555
  6 2225  
116  5 53 
3  225   1
3344  3355
3 44111   
 33  2 611
11 6  6 11
2  6 11 6 
2 2666 566
442 3 45 5
 4 4   52 
 5 11 45  
35  554 43
 53   4 4 
55 3355 55
22 5   4 5
22 5 3 335
2  1 44 3 
44112 3 3 
 411223 33
    2  53 
255 555 32
  445552 2
1144 6   1
5  11 4221
54411 4 2 
 441111 6 
 6 1   666
46 1 655  
 61116   3
5  5   2 6
2 15 1 3 6
221  663 6
6  22  3 6
6 422444 2
114   6 42
1 444 644 
55  6   5 
 1 36 1 55
411 611155
  4      4
3344446 24
4       24
43 2553 2 
 33  5  11
 22 444  3
52233 55 3
   3 3 5 1
 1 4 115 1
66 45 1  2
3 54  6 22
3  4556  2
1114  62 1
 3 45  2 1
63   566 1
 355556 61
 3     26 
11 2335 6 
3  2   444
3444 611 3
  5 16  13
665 1664  
665   6 25
665 6 222 
66  1   22
 66 111222
3 3311 22 
44   5 225
 66225 3 5
166 2 4333
  3 554 6 
 43 55 56 
14 55 25 4
 4  56 566
 1 45  5  
 1445  2 5
61 4  12 6
 166 31 26
  6  3 22 
6 22 5 224
6  1 5 6  
65 1666644
 551  4 44
 1  1 455 
511 4 45 3
5 1 444  4
22 4  3  4
 1 6663322
61  1   2 
 12 13344 
  221 3  2
566 1555 5
 662   115
 66 544  5
2 3 544 22
1 35 4466 
1  5 4   5
5522 455 1
  226  331
6 5   63  
55555  355
 44  663 1
644411  31
6 2 115  1
33  5  455
3331 22  5
1 3 555 66
155555511 
   1 55  6
46  6 3333
 62 663333
 6 3  33 4
55 3 53 6 
5  3 53 22
5 22  33 2
4 6  13322
44664    5
2 66  62 5
 36664 211
   1   2 1
12 1 46666
 24444  1 
22 44   15
 224 322 5
33  5  111
6 555 2 1 
655   331 
  444   14
31  4555 4
3 3 4   33
6 444 355 
66 4 3 553
33 4 2 2  
3 22 222 1
1 226  5 3
112    533
11 14 15 5
 33 4  555
  2 44   6
 42  22  6
1 266 5533
22 666 5  
 3 6 4 114
 36644  1 
4  6 33 1 
66 55 2211
 33 1    5
2 55 33335
44 66  5  
 66 2 6554
2 112 65 4
4411 16 44
   661  5 
522 611551
5 336  55 
11 3 63 56
 4 6 6   6
5446 22244
 4    2   
4444112 56
4 2  1  5 
4224 1 444
   41133 1
556  1333 
1  551   1
1  5 114 6
555566  16
   5   116
11666666 6
2   4  611
