    1    1
    556  3
  33 5  63
4111 5556 
 1    3  5
 224443 22
1  44 344 
3 66 13   
3 6  1  1 
5 61 44222
5  1  4  3
6 44 55553
633 33 5 3
 33 2  544
43 42 65  
 3 4226 26
111 2  22 
5 4 5 62  
53 65  24 
 34 56  46
  43 6664 
244 6666  
2 336 6 44
1   611 44
1114 1 24 
11 42222  
  14  66 2
45 444 633
4  1 466 3
2 21 4 1 1
26 1 66 11
 6 4  4 33
 114  46 3
6  4664 33
445   4 5 
44  322 54
4 533   5 
555 6 6 11
  556 3  3
244   32 3
 4 664 222
 333 4 22 
633311  26
6   1 63 6
2 411  311
22 115  11
11 11  666
115 3 44  
2  5333 53
22 5 5 35 
 2 11553  
 44   5  6
3 2 355511
2 23    11
222  11 22
5  441112 
5  1  6  4
44 15  322
 33 5 33 2
  555 3333
 1555 3 4 
41  222 46
 116 2 64 
33 6 2664 
2 4442   4
2 1 4  4 1
551 6622 1
  12  2244
11122 2   
    332233
655 332  1
 55 5  6 1
 2 551 4 6
52 5 14466
5 551    4
333   6664
 4 335 6  
14 5   111
 45556   1
   6 64466
233666   6
     63333
4 21   22 
2  1335 22
2 6 3  444
555 5 22 4
 3 15 5 66
53  53 44 
 31  3 5 5
 311555566
63  5 2   
  633 24 2
116 36 466
3 62 66 6 
31 266622 
 15  5 221
 1   544  
333335   1
5      144
5 664 61  
3 3 466  1
3331  3355
